0.36700538  0.28019825  0.35279638  
0.36678103  0.26963332  0.3635856  
4.7587096e-19  1.0  1.6184175e-16  
8.873837e-19  1.0  2.9148103e-16  
5.999674e-17  1.0  1.1422978e-14  
2.652881e-08  0.9999995  4.376726e-07  
9.416652e-08  0.9999987  1.2451272e-06  
3.4831072e-07  0.9999958  3.778716e-06  
1.0054049e-06  0.99998987  9.137764e-06  
2.5808672e-06  0.99997973  1.7700617e-05  
7.777843e-07  0.99999213  7.0473893e-06  
1.3022857e-05  0.9999149  7.209275e-05  
2.040197e-05  0.9998722  0.00010738473  
6.2276954e-11  1.0  1.9017814e-09  
0.00027130553  0.014644235  0.9850845  
0.0002732728  0.014572827  0.9851539  
0.0006391491  0.014137366  0.98522353  
0.0006410443  0.014048401  0.98531055  
0.00725201  0.5922868  0.40046123  
1.30274104e-20  0.0  1.0  
4.3074753e-19  0.0  1.0  
5.485145e-19  0.0  1.0  
2.0654116e-17  0.0  1.0  
2.1309094e-17  0.0  1.0  
5.6276673e-16  0.0  1.0  
5.6083147e-16  0.0  1.0  
1.065137e-14  0.0  1.0  
1.07030965e-14  0.0  1.0  
1.5118659e-13  0.0  1.0  
1.5155353e-13  0.0  1.0  
1.6395918e-12  0.0  1.0  
5.8828764e-06  2.6618555e-10  0.99999416  
1.6048718e-05  8.048173e-10  0.9999839  
9.469888e-12  0.0  1.0  
6.340976e-11  0.0  1.0  
2.5782213e-11  0.0  1.0  
1.6740122e-10  4.3252846e-37  1.0  
2.5612004e-10  6.6348384e-37  1.0  
1.2959156e-09  5.0770923e-34  1.0  
1.2695954e-09  4.966411e-34  1.0  
5.651028e-09  2.0674148e-31  1.0  
5.6272365e-09  2.0575016e-31  1.0  
2.2153365e-08  4.9054742e-29  1.0  
2.2537362e-08  4.994218e-29  1.0  
7.881976e-08  7.136667e-27  0.9999999  
9.2624354e-08  8.3705784e-27  0.9999999  
2.8238253e-07  7.292159e-25  0.99999976  
2.3423112e-07  6.1025047e-25  0.99999976  
6.794739e-07  3.6767024e-23  0.9999993  
0.0019060837  1.5924785e-07  0.9980938  
0.0026540319  2.2848361e-07  0.99734575  
1.9634301e-06  1.6320744e-21  0.9999981  
4.606751e-06  4.5968003e-20  0.99999535  
6.040139e-06  5.990778e-20  0.9999939  
1.280926e-05  1.189698e-18  0.99998724  
0.004573791  4.035572e-07  0.9954259  
5.8038998e-37  1.2824099e-23  1.0  
0.0  0.0  1.0  
0.0  0.0  1.0  
0.0  0.0  1.0  
0.0  0.0  1.0  
0.0  0.0  1.0  
